8.992805755395760769e-02 -6.250000000000000000e-02
2.068345323741008102e+00 -9.375000000000000000e-02
4.046762589928057707e+00 -1.406250000000000000e-01
5.665467625899280435e+00 -2.031250000000000000e-01
7.284172661870503163e+00 -2.812500000000000000e-01
9.082733812949641106e+00 -3.593750000000000000e-01
1.106115107913668894e+01 -4.687500000000000000e-01
1.303956834532374032e+01 -5.781250000000000000e-01
1.501798561151079170e+01 -7.187500000000004441e-01
1.735611510791366996e+01 -8.906250000000000000e-01
1.951438848920863123e+01 -1.046875000000000000e+00
2.131294964028776562e+01 -1.218749999999999556e+00
2.329136690647482055e+01 -1.406250000000000000e+00
2.544964028776978182e+01 -1.593750000000000000e+00
2.706834532374100633e+01 -1.734375000000000000e+00
2.922661870503596759e+01 -1.890625000000000000e+00
3.120503597122301898e+01 -2.031250000000000000e+00
3.372302158273381423e+01 -2.109375000000000000e+00
3.696043165467625613e+01 -2.078125000000000000e+00
3.920863309352517945e+01 -1.906250000000000000e+00
4.028776978417266008e+01 -1.734375000000000000e+00
4.136690647482013361e+01 -1.562500000000000000e+00
4.253597122302158340e+01 -1.375000000000000000e+00
4.361510791366906403e+01 -1.171875000000000444e+00
4.469424460431654467e+01 -9.843750000000000000e-01
4.541366906474820553e+01 -7.968750000000000000e-01
4.631294964028776207e+01 -5.625000000000000000e-01
4.721223021582733281e+01 -3.125000000000000000e-01
4.829136690647482055e+01 -4.687500000000000000e-02
4.901079136690646720e+01 1.718750000000000000e-01
4.910071942446042215e+01 1.718750000000000000e-01
5.000000000000000000e+01 4.218750000000000000e-01
5.089928057553956364e+01 6.562500000000000000e-01
5.161870503597121029e+01 8.593750000000000000e-01
5.224820143884891621e+01 1.062500000000000000e+00
5.314748201438847985e+01 1.281250000000000000e+00
5.404676258992805771e+01 1.500000000000000000e+00
5.512589928057553834e+01 1.718750000000000000e+00
5.647482014388488381e+01 1.921875000000000000e+00
5.791366906474820553e+01 2.023437500000000000e+00
5.998201438848920475e+01 1.906250000000000000e+00
6.106115107913667828e+01 1.734375000000000000e+00
6.178057553956833203e+01 1.531250000000000000e+00
6.258992805755396205e+01 1.328125000000000000e+00
6.339928057553956364e+01 1.093750000000000000e+00
6.411870503597121740e+01 8.437499999999997780e-01
6.483812949640287115e+01 6.406249999999997780e-01
6.555755395683452491e+01 4.062500000000000000e-01
6.609712230215826878e+01 2.031250000000000000e-01
6.618705035971223083e+01 2.031250000000000000e-01
6.690647482014388459e+01 -6.250000000000000000e-02
6.753597122302157629e+01 -2.656250000000000000e-01
6.843525179856113994e+01 -4.999999999999995559e-01
6.978417266187051382e+01 -7.656250000000004441e-01
7.086330935251798735e+01 -1.000000000000000000e+00
7.212230215827338498e+01 -1.203125000000000000e+00
7.347122302158273044e+01 -1.406250000000000000e+00
7.535971223021581977e+01 -1.578124999999999556e+00
7.760791366906474309e+01 -1.664062500000000000e+00
8.012589928057553834e+01 -1.593750000000000000e+00
8.174460431654675574e+01 -1.437500000000000444e+00
8.300359712230215337e+01 -1.265624999999999556e+00
8.426258992805755099e+01 -1.078125000000000444e+00
8.516187050359711463e+01 -8.906250000000000000e-01
8.525179856115107668e+01 -8.906250000000000000e-01
8.633093525179856442e+01 -6.718750000000004441e-01
8.714028776978416602e+01 -4.843750000000000000e-01
8.803956834532372966e+01 -2.812500000000000000e-01
8.911870503597120319e+01 -6.250000000000000000e-02
9.010791366906475730e+01 1.718750000000000000e-01
9.100719424460429252e+01 3.750000000000000000e-01
9.190647482014387037e+01 6.093750000000000000e-01
9.271582733812948618e+01 8.437499999999997780e-01
9.370503597122301187e+01 1.078125000000000000e+00
9.478417266187048540e+01 1.312500000000000000e+00
9.595323741007193519e+01 1.546875000000000000e+00
9.748201438848919054e+01 1.781250000000000000e+00
9.955035971223020397e+01 1.914062500000000000e+00
1.015287769784172553e+02 1.765625000000000000e+00
1.027877697841726530e+02 1.562500000000000000e+00
1.038669064748201265e+02 1.328125000000000000e+00
1.047661870503597044e+02 1.093750000000000000e+00
1.057553956834532300e+02 8.281250000000000000e-01
1.064748201438848838e+02 5.937499999999997780e-01
1.072841726618704854e+02 3.593750000000000000e-01
1.080035971223021392e+02 1.406250000000000000e-01
1.088129496402877550e+02 -9.375000000000000000e-02
1.096223021582733708e+02 -3.125000000000000000e-01
1.107014388489208585e+02 -5.625000000000000000e-01
1.117805755395683320e+02 -8.125000000000004441e-01
1.130395683453237297e+02 -1.031250000000000000e+00
1.146582733812949471e+02 -1.265624999999999556e+00
1.161870503597122308e+02 -1.429687500000000444e+00
1.187949640287769739e+02 -1.546875000000000000e+00
1.212230215827338071e+02 -1.453125000000000000e+00
1.232014388489208585e+02 -1.265624999999999556e+00
1.247302158273381139e+02 -1.078125000000000444e+00
1.257194244604316538e+02 -9.218750000000000000e-01
1.267985611510791415e+02 -7.187500000000004441e-01
1.278776978417266292e+02 -5.156250000000000000e-01
1.287769784172662071e+02 -2.968750000000000000e-01
1.301258992805754815e+02 -4.687500000000000000e-02
1.312050359712229692e+02 1.875000000000000000e-01
1.321942446043165091e+02 4.062500000000000000e-01
1.331834532374101059e+02 6.562500000000000000e-01
1.341726618705035889e+02 8.906250000000000000e-01
1.349820143884892332e+02 1.125000000000000000e+00
1.358812949640287115e+02 1.359375000000000000e+00
1.369604316546762561e+02 1.593750000000000000e+00
1.385791366906474877e+02 1.843750000000000000e+00
1.409172661870503589e+02 1.992187500000000000e+00
1.427158273381294862e+02 1.890625000000000000e+00
1.436151079136690214e+02 1.703125000000000000e+00
1.445143884892086135e+02 1.468750000000000000e+00
1.451438848920863620e+02 1.265625000000000000e+00
1.459532374100719494e+02 1.015625000000000000e+00
1.467625899280575368e+02 7.656250000000000000e-01
1.475719424460431242e+02 5.156250000000000000e-01
1.482913669064748206e+02 2.812500000000000000e-01
1.491906474820143558e+02 5.468750000000000000e-02
